4294967279,136
4294967278,136
4294967279,135
4294967278,135
4294967294,61
4294967279,124
4294967279,123
4294967279,121
4294967279,116
4294967279,114
4294967279,109
4294967279,106
4294967278,325
4294967279,296
4294967278,276
4294967278,289
4294967279,337
4294967278,308
4294967294,75
4294967294,169
4294967294,174
4294967278,273
4294967278,270
4294967294,180
4294967294,179
4294967294,191
4294967294,188
4294967279,297
4294967294,30
4294967294,164
4294967294,165
4294967294,113
4294967294,167
4294967294,176
4294967294,11
4294967294,175
4294967294,173
4294967294,419
4294967294,18
4294967294,127
4294967294,14
4294967294,126
4294967294,20
4294967294,13
4294967294,166
4294967294,24
4294967294,12
4294967294,104
4294967294,106
4294967294,160
4294967294,168
4294967294,162
4294967294,68
4294967278,283
4294967278,311
4294967278,307
4294967278,251
4294967278,391
4294967278,310
4294967278,299
4294967278,266
4294967278,402
4294967278,61
4294967278,60
4294967278,59
4294967278,58
4294967278,57
4294967278,56
4294967278,55
4294967278,54
4294967278,53
4294967278,52
4294967278,51
4294967278,50
4294967278,49
4294967278,381
4294967278,48
4294967278,47
4294967278,46
4294967278,395
4294967278,45
4294967278,44
4294967278,43
4294967278,42
4294967278,41
4294967278,40
4294967278,39
4294967278,38
4294967278,37
4294967278,439
4294967278,36
4294967278,35
4294967278,34
4294967278,440
4294967278,33
4294967278,32
4294967278,292
4294967278,31
4294967278,30
4294967278,29
4294967278,28
4294967278,27
4294967278,2
4294967278,421
4294967278,24
4294967278,22
4294967278,21
4294967278,431
4294967278,20
4294967278,19
4294967278,18
4294967278,17
4294967278,16
4294967278,15
4294967278,351
4294967278,14
4294967278,13
4294967278,12
4294967278,11
4294967278,295
4294967278,10
4294967278,9
4294967278,7
4294967278,6
4294967278,4
4294967279,132
4294967279,131
4294967279,130
4294967279,129
4294967279,305
4294967279,128
4294967279,547
4294967279,127
4294967279,126
4294967279,526
4294967279,125
4294967279,107
4294967279,226
4294967279,98
4294967279,97
4294967279,96
4294967279,95
4294967279,94
4294967279,93
4294967279,91
4294967279,89
4294967279,80
4294967279,77
4294967279,76
4294967279,74
4294967279,68
4294967279,65
4294967279,64
4294967279,63
4294967279,62
4294967279,55
4294967279,54
4294967279,52
4294967279,290
4294967279,42
4294967279,39
4294967279,38
4294967279,36
4294967279,29
4294967279,28
4294967279,325
4294967279,26
4294967279,20
4294967279,19
4294967279,332
4294967279,18
4294967279,516
4294967279,17
4294967279,13
4294967279,321
4294967278,8
4294967278,5
4294967278,256
4294967279,536
4294967278,319
4294967278,254
4294967279,369
4294967278,237
4294967278,228
4294967278,220
4294967278,213
4294967278,212
4294967278,297
4294967279,92
4294967279,90
4294967279,374
4294967279,197
942,5
942,4
942,3
942,2
942,1
4294967279,340
4294967279,83
4294967279,360
4294967278,235
4294967279,295
4294967279,82
4294967278,352
4294967278,350
4294967279,294
4294967279,81
4294967279,193
4294967278,369
4294967279,79
4294967279,372
4294967278,186
4294967279,189
4294967278,188
4294967279,188
4294967278,187
4294967278,424
4294967278,386
4294967278,346
4294967279,71
4294967279,252
4294967278,400
4294967279,183
4294967279,69
4294967279,521
4294967278,441
4294967278,178
4294967279,178
4294967278,177
4294967279,177
4294967278,175
4294967278,173
4294967279,302
4294967278,172
4294967279,172
4294967279,317
4294967278,298
4294967278,170
4294967279,293
4294967278,348
4294967278,167
4294967278,166
4294967278,163
938,5
938,4
4294967278,164
938,3
938,2
938,1
4294967278,405
4294967279,292
4294967279,161
4294967279,160
4294967278,159
4294967279,159
4294967278,158
4294967278,221
4294967278,157
4294967278,156
4294967279,152
4294967278,155
4294967278,154
4294967279,153
4294967278,153
4294967278,150
4294967278,403
4294967278,347
4294967278,149
4294967278,148
4294967278,147
4294967294,386
4294967279,146
4294967279,519
4294967278,26
4294967294,161
4294967294,182
4294967294,901
4294967278,145
4294967279,560
4294967279,353
4294967278,142
4294967278,141
4294967279,140
4294967278,140
935,5
4294967279,139
935,4
4294967278,139
935,3
935,2
935,1
4294967278,259
4294967279,138
4294967278,25
4294967278,314
4294967279,16
4294967279,323
4294967278,23
4294967278,223
4294967278,134
4294967279,376
4294967278,414
4294967279,282
4294967279,279
4294967279,342
4294967279,265
4294967279,288
4294967279,260
4294967279,15
4294967279,261
4294967279,572
4294967279,275
4294967278,342
4294967278,337
932,5
932,4
4294967279,254
932,3
932,2
932,1
4294967279,344
4294967294,461
4294967294,184
4294967278,323
931,5
4294967278,345
4294967278,344
931,4
931,3
931,2
931,1
4294967278,343
4294967278,320
4294967278,253
4294967279,370
4294967278,250
4294967278,336
4294967279,248
4294967278,248
4294967278,246
4294967278,244
930,6
930,5
4294967278,242
930,4
930,3
930,2
930,1
4294967278,240
4294967278,426
4294967279,228
4294967278,409
4294967278,234
4294967278,232
4294967279,368
4294967278,230
4294967278,226
4294967278,224
4294967278,222
4294967278,214
4294967279,216
4294967278,438
4294967278,211
4294967279,356
4294967278,209
4294967278,436
4294967278,206
4294967278,203
927,6
4294967278,205
927,5
927,4
4294967278,204
927,3
927,2
927,1
4294967278,435
4294967278,419
4294967278,372
4294967279,287
4294967278,416
4294967279,199
4294967279,373
4294967278,198
4294967279,198
4294967278,197
4294967278,196
4294967278,193
4294967278,195
4294967279,195
4294967278,194
4294967279,194
4294967294,436
4294967278,192
4294967279,192
4294967279,191
4294967279,285
4294967294,914
4294967294,965
